NAME: vertesboglar1
TYPE: TSP
DIMENSION: 46
EDGE_WEIGHT_TYPE: EXPLICIT
EDGE_WEIGHT_FORMAT: FULL_MATRIX
EDGE_WEIGHT_SECTION
0 11 60 62 123 132 183 231 233 272 278 323 326 384 427 428 470 484 465 503 560 510 530 596 640 515 603 688 616 748 723 748 660 743 760 749 711 773 821 786 831 824 782 842 852 905
11 0 49 51 112 121 172 220 223 262 267 312 315 373 416 417 459 473 454 492 549 499 519 585 629 504 592 677 605 737 712 737 649 732 749 738 700 762 810 775 820 813 771 831 841 894
60 49 0 2 63 72 123 171 174 213 218 263 266 324 367 368 410 424 406 443 500 450 470 536 580 458 543 628 556 688 663 688 600 683 700 689 651 713 761 729 771 764 725 785 795 848
62 51 2 0 61 70 121 169 171 210 216 261 264 322 365 366 408 422 403 441 497 447 468 534 578 456 541 626 553 686 661 686 597 681 697 686 648 711 759 727 769 761 724 783 794 846
123 112 63 61 0 9 60 108 111 150 155 200 203 261 304 305 347 361 342 380 437 387 407 473 517 399 480 565 493 625 600 625 537 620 637 626 588 650 698 667 708 701 667 726 737 789
132 121 72 70 9 0 51 100 102 141 146 192 194 252 295 297 339 352 334 372 428 378 399 465 509 391 472 556 484 617 592 617 528 611 628 617 579 641 689 658 700 692 659 719 729 782
183 172 123 121 60 51 0 48 51 90 95 140 143 201 244 245 287 301 282 320 377 327 347 413 457 345 420 505 433 565 540 565 477 560 577 566 528 590 638 607 648 641 612 672 682 735
231 220 171 169 108 100 48 0 6 69 74 119 122 180 223 224 266 280 262 300 356 306 326 393 436 326 399 484 412 545 519 544 456 539 556 545 507 569 617 586 628 620 593 653 663 716
233 223 174 171 111 102 51 6 0 70 76 121 124 182 225 226 268 282 263 301 358 308 328 394 438 327 401 486 414 546 521 546 458 541 558 547 509 571 619 588 629 622 595 654 665 717
272 262 213 210 150 141 90 69 70 0 5 51 53 111 154 156 198 211 196 231 287 240 261 324 368 260 334 415 346 476 451 476 390 470 487 479 441 503 551 520 562 554 528 587 598 650
278 267 218 216 155 146 95 74 76 5 0 45 48 106 149 150 192 206 191 226 282 235 256 319 362 256 329 410 341 471 445 470 385 465 482 474 436 499 547 516 557 549 525 584 595 647
323 312 263 261 200 192 140 119 121 51 45 0 3 64 107 108 151 164 152 184 240 196 216 277 320 216 289 368 302 429 404 428 346 423 440 435 397 459 507 476 518 510 515 574 584 637
326 315 266 264 203 194 143 122 124 53 48 3 0 62 105 106 149 162 150 182 238 194 214 275 318 214 287 366 300 427 402 426 344 421 438 433 395 457 505 474 516 508 513 573 583 636
384 373 324 322 261 252 201 180 182 111 106 64 62 0 43 45 89 103 91 122 179 135 156 215 259 179 229 307 241 367 342 367 285 362 379 374 336 398 446 415 457 449 465 525 535 588
427 416 367 365 304 295 244 223 225 154 149 107 105 43 0 1 46 59 47 79 135 92 112 172 216 161 185 263 198 324 299 324 242 319 335 331 293 355 403 372 413 406 422 481 492 544
428 417 368 366 305 297 245 224 226 156 150 108 106 45 1 0 44 58 46 77 134 90 111 170 214 160 184 262 196 322 297 322 240 317 334 329 291 353 401 370 412 404 420 480 490 543
470 459 410 408 347 339 287 266 268 198 192 151 149 89 46 44 0 14 23 33 90 49 83 126 170 179 156 218 168 278 253 278 212 273 289 301 263 325 373 342 384 376 392 452 462 515
484 473 424 422 361 352 301 280 282 211 206 164 162 103 59 58 14 0 29 20 76 36 78 113 157 192 151 205 163 265 240 265 207 260 276 296 258 320 368 337 379 371 387 447 457 510
465 454 406 403 342 334 282 262 263 196 191 152 150 91 47 46 23 29 0 46 103 45 65 139 183 174 138 231 150 291 266 291 194 286 303 283 245 307 355 324 366 358 374 434 444 497
503 492 443 441 380 372 320 300 301 231 226 184 182 122 79 77 33 20 46 0 57 25 82 94 137 212 145 185 157 246 221 245 201 240 257 290 252 314 362 331 373 365 381 441 451 504
560 549 500 497 437 428 377 356 358 287 282 240 238 179 135 134 90 76 103 57 0 58 121 56 100 268 184 148 196 208 183 208 240 203 220 329 291 353 401 370 412 404 420 480 490 543
510 499 450 447 387 378 327 306 308 240 235 196 194 135 92 90 49 36 45 25 58 0 64 94 138 218 126 186 139 246 221 246 182 241 258 272 234 296 344 313 354 347 363 422 433 485
530 519 470 468 407 399 347 326 328 261 256 216 214 156 112 111 83 78 65 82 121 64 0 158 202 239 90 249 102 310 285 310 146 305 321 235 197 259 307 276 318 310 326 386 396 449
596 585 536 534 473 465 413 393 394 324 319 277 275 215 172 170 126 113 139 94 56 94 158 0 44 305 220 92 233 152 127 152 277 147 163 366 328 390 438 407 448 441 457 517 527 579
640 629 580 578 517 509 457 436 438 368 362 320 318 259 216 214 170 157 183 137 100 138 202 44 0 349 264 48 277 108 83 108 321 103 120 410 372 434 482 451 492 485 501 560 571 623
515 504 458 456 399 391 345 326 327 260 256 216 214 179 161 160 179 192 174 212 268 218 239 305 349 0 312 396 324 457 432 457 299 451 468 345 248 327 374 315 384 358 311 370 381 433
603 592 543 541 480 472 420 399 401 334 329 289 287 229 185 184 156 151 138 145 184 126 90 220 264 312 0 312 35 372 347 372 79 367 384 168 130 192 240 209 251 243 259 319 329 382
688 677 628 626 565 556 505 484 486 415 410 368 366 307 263 262 218 205 231 185 148 186 249 92 48 396 312 0 324 70 42 66 368 64 81 457 419 482 530 498 540 532 549 608 619 671
616 605 556 553 493 484 433 412 414 346 341 302 300 241 198 196 168 163 150 157 196 139 102 233 277 324 35 324 0 385 360 385 48 379 396 133 95 157 205 174 216 208 224 284 294 347
748 737 688 686 625 617 565 545 546 476 471 429 427 367 324 322 278 265 291 246 208 246 310 152 108 457 372 70 385 0 61 86 429 58 73 518 480 542 590 559 600 593 609 668 679 731
723 712 663 661 600 592 540 519 521 451 445 404 402 342 299 297 253 240 266 221 183 221 285 127 83 432 347 42 360 61 0 27 404 56 72 493 455 517 565 534 575 568 584 643 654 706
748 737 688 686 625 617 565 544 546 476 470 428 426 367 324 322 278 265 291 245 208 246 310 152 108 457 372 66 385 86 27 0 428 80 97 518 480 542 590 559 600 593 609 668 679 731
660 649 600 597 537 528 477 456 458 390 385 346 344 285 242 240 212 207 194 201 240 182 146 277 321 299 79 368 48 429 404 428 0 423 440 115 58 137 185 147 196 181 197 256 267 319
743 732 683 681 620 611 560 539 541 470 465 423 421 362 319 317 273 260 286 240 203 241 305 147 103 451 367 64 379 58 56 80 423 0 17 513 474 537 585 554 595 587 604 663 674 726
760 749 700 697 637 628 577 556 558 487 482 440 438 379 335 334 289 276 303 257 220 258 321 163 120 468 384 81 396 73 72 97 440 17 0 529 491 553 601 570 612 604 620 680 690 743
749 738 689 686 626 617 566 545 547 479 474 435 433 374 331 329 301 296 283 290 329 272 235 366 410 345 168 457 133 518 493 518 115 513 529 0 118 68 116 93 126 118 186 246 256 308
711 700 651 648 588 579 528 507 509 441 436 397 395 336 293 291 263 258 245 252 291 234 197 328 372 248 130 419 95 480 455 480 58 474 491 118 0 135 183 124 193 168 163 222 233 285
773 762 713 711 650 641 590 569 571 503 499 459 457 398 355 353 325 320 307 314 353 296 259 390 434 327 192 482 157 542 517 542 137 537 553 68 135 0 49 43 60 57 150 210 220 273
821 810 761 759 698 689 638 617 619 551 547 507 505 446 403 401 373 368 355 362 401 344 307 438 482 374 240 530 205 590 565 590 185 585 601 116 183 49 0 64 15 38 176 235 246 298
786 775 729 727 667 658 607 586 588 520 516 476 474 415 372 370 342 337 324 331 370 313 276 407 451 315 209 498 174 559 534 559 147 554 570 93 124 43 64 0 73 46 115 174 185 237
831 820 771 769 708 700 648 628 629 562 557 518 516 457 413 412 384 379 366 373 412 354 318 448 492 384 251 540 216 600 575 600 196 595 612 126 193 60 15 73 0 41 185 245 255 308
824 813 764 761 701 692 641 620 622 554 549 510 508 449 406 404 376 371 358 365 404 347 310 441 485 358 243 532 208 593 568 593 181 587 604 118 168 57 38 46 41 0 159 218 229 281
782 771 725 724 667 659 612 593 595 528 525 515 513 465 422 420 392 387 374 381 420 363 326 457 501 311 259 549 224 609 584 609 197 604 620 186 163 150 176 115 185 159 0 62 73 125
842 831 785 783 726 719 672 653 654 587 584 574 573 525 481 480 452 447 434 441 480 422 386 517 560 370 319 608 284 668 643 668 256 663 680 246 222 210 235 174 245 218 62 0 11 64
852 841 795 794 737 729 682 663 665 598 595 584 583 535 492 490 462 457 444 451 490 433 396 527 571 381 329 619 294 679 654 679 267 674 690 256 233 220 246 185 255 229 73 11 0 56
905 894 848 846 789 782 735 716 717 650 647 637 636 588 544 543 515 510 497 504 543 485 449 579 623 433 382 671 347 731 706 731 319 726 743 308 285 273 298 237 308 281 125 64 56 0
EOF
