NAME: zeche
TYPE: TSP
DIMENSION: 26
EDGE_WEIGHT_TYPE: EXPLICIT
EDGE_WEIGHT_FORMAT: FULL_MATRIX
EDGE_WEIGHT_SECTION
0 455 489 424 141 186 472 226 821 565 410 836 328 424 476 935 958 928 919 948 989 657 731 1005 716 789
455 0 65 36 317 310 191 234 551 295 203 566 304 337 427 665 688 658 649 924 966 633 707 982 693 765
489 65 0 91 351 344 215 268 575 319 227 589 338 372 461 689 712 682 673 959 1000 668 742 1016 727 800
424 36 91 0 286 279 176 202 537 281 189 551 273 306 396 650 673 643 634 893 935 602 676 950 662 734
141 317 351 286 0 65 334 88 683 427 273 698 190 286 339 797 820 790 781 811 852 520 594 868 579 651
186 310 344 279 65 0 327 81 676 420 266 691 154 250 302 790 813 783 774 774 816 483 557 831 543 615
472 191 215 176 334 327 0 250 365 109 110 379 306 280 370 479 502 472 462 867 909 576 650 925 636 708
226 234 268 202 88 81 250 0 600 344 189 614 117 204 256 714 737 707 697 738 779 447 521 795 506 579
821 551 575 537 683 676 365 600 0 260 414 33 621 595 685 384 407 377 367 1182 1224 891 965 1239 951 1023
565 295 319 281 427 420 109 344 260 0 165 275 366 341 430 374 397 367 358 928 969 637 711 985 696 769
410 203 227 189 273 266 110 189 414 165 0 428 210 184 274 528 551 521 511 771 813 480 554 829 540 612
836 566 589 551 698 691 379 614 33 275 428 0 635 609 699 398 421 391 382 1196 1238 905 979 1254 965 1037
328 304 338 273 190 154 306 117 621 366 210 635 0 118 159 734 757 727 718 620 662 329 403 677 389 461
424 337 372 306 286 250 280 204 595 341 184 609 118 0 92 709 732 702 693 592 633 301 387 649 360 433
476 427 461 396 339 302 370 256 685 430 274 699 159 92 0 798 821 791 782 514 555 223 312 571 282 355
935 665 689 650 797 790 479 714 384 374 528 398 734 709 798 0 35 202 53 1296 1338 1005 1079 1353 1064 1137
958 688 712 673 820 813 502 737 407 397 551 421 757 732 821 35 0 225 60 1319 1361 1028 1102 1376 1087 1160
928 658 682 643 790 783 472 707 377 367 521 391 727 702 791 202 225 0 185 1289 1330 998 1072 1346 1057 1130
919 649 673 634 781 774 462 697 367 358 511 382 718 693 782 53 60 185 0 1280 1321 989 1063 1337 1048 1121
948 924 959 893 811 774 867 738 1182 928 771 1196 620 592 514 1296 1319 1289 1280 0 132 393 607 149 395 335
989 966 1000 935 852 816 909 779 1224 969 813 1238 662 633 555 1338 1361 1330 1321 132 0 435 649 73 436 377
657 633 668 602 520 483 576 447 891 637 480 905 329 301 223 1005 1028 998 989 393 435 0 234 450 89 183
731 707 742 676 594 557 650 521 965 711 554 979 403 387 312 1079 1102 1072 1063 607 649 234 0 664 323 397
1005 982 1016 950 868 831 925 795 1239 985 829 1254 677 649 571 1353 1376 1346 1337 149 73 450 664 0 452 392
716 693 727 662 579 543 636 506 951 696 540 965 389 360 282 1064 1087 1057 1048 395 436 89 323 452 0 131
789 765 800 734 651 615 708 579 1023 769 612 1037 461 433 355 1137 1160 1130 1121 335 377 183 397 392 131 0
EOF
