NAME: sukoro
TYPE: TSP
DIMENSION: 36
EDGE_WEIGHT_TYPE: EXPLICIT
EDGE_WEIGHT_FORMAT: FULL_MATRIX
EDGE_WEIGHT_SECTION
0 802 815 118 994 327 442 576 742 762 852 764 643 627 789 1187 1016 621 772 890 862 1133 832 830 862 1095 1258 1017 1028 965 1070 966 1194 1001 1126 1084
802 0 23 684 295 476 519 290 747 280 352 769 648 475 794 530 465 611 777 453 867 558 473 836 520 618 714 633 1033 944 704 916 841 956 772 1035
815 23 0 697 275 489 532 290 760 280 336 782 661 474 807 515 450 614 790 441 880 543 471 849 513 603 698 617 1046 948 689 917 826 960 757 1037
118 684 697 0 876 209 324 458 624 644 734 646 525 509 671 1069 898 503 654 772 744 1015 714 712 744 977 1140 899 910 847 952 848 1076 883 1008 966
994 295 275 876 0 668 711 460 939 322 285 961 839 591 986 322 284 793 968 393 1059 350 452 1027 495 421 505 521 1225 1127 568 1096 729 1138 660 1211
327 476 489 209 668 0 115 250 416 435 526 438 316 301 463 861 690 295 445 564 536 806 505 504 536 769 931 691 701 639 743 640 868 675 799 757
442 519 532 324 711 115 0 293 449 479 569 471 350 338 496 904 733 328 479 607 569 849 548 537 579 812 975 734 735 672 780 673 905 708 836 791
576 290 290 458 460 250 293 0 479 186 276 501 379 184 525 611 440 333 508 322 599 557 309 567 360 519 682 488 764 666 560 635 697 678 628 755
742 747 760 624 939 416 449 479 0 617 666 116 117 362 161 982 805 173 168 677 236 919 618 260 649 882 1044 804 458 432 849 433 961 468 892 551
762 280 280 644 322 435 479 186 617 0 91 639 518 269 664 426 255 471 647 186 737 371 193 705 245 351 496 366 903 805 438 774 574 817 506 890
852 352 336 734 285 526 569 276 666 91 0 688 567 319 713 335 164 520 696 118 786 280 170 755 213 275 405 289 952 854 361 823 498 866 429 939
764 769 782 646 961 438 471 501 116 639 688 0 130 384 59 1003 826 195 72 699 140 941 640 163 671 904 1066 825 362 335 871 336 982 371 914 454
643 648 661 525 839 316 350 379 117 518 567 130 0 259 146 875 698 67 129 570 220 813 512 188 542 775 938 697 389 343 742 345 854 380 785 462
627 475 474 509 591 301 338 184 362 269 319 384 259 0 399 620 443 202 377 315 468 558 256 436 287 520 683 442 633 535 487 504 599 547 530 620
789 794 807 671 986 463 496 525 161 664 713 59 146 399 0 1013 836 205 41 709 81 951 650 107 681 914 1076 835 303 288 881 289 992 324 924 395
1187 530 515 1069 322 861 904 611 982 426 335 1003 875 620 1013 0 177 812 990 343 1077 105 426 1046 435 222 193 344 1243 1145 362 1114 524 1157 455 1230
1016 465 450 898 284 690 733 440 805 255 164 826 698 443 836 177 0 635 813 166 901 116 249 869 258 153 249 236 1066 968 283 937 445 980 376 1053
621 611 614 503 793 295 328 333 173 471 520 195 67 202 205 812 635 0 180 503 266 746 445 234 475 709 871 630 432 344 675 345 787 380 718 462
772 777 790 654 968 445 479 508 168 647 696 72 129 377 41 990 813 180 0 671 94 914 613 92 643 877 1039 798 309 264 843 265 955 300 886 383
890 453 441 772 393 564 607 322 677 186 118 699 570 315 709 343 166 503 671 0 735 242 83 703 102 205 368 180 900 802 252 771 389 814 320 887
862 867 880 744 1059 536 569 599 236 737 786 140 220 468 81 1077 901 266 94 735 0 978 676 85 707 940 1102 861 222 215 907 248 1018 255 950 314
1133 558 543 1015 350 806 849 557 919 371 280 941 813 558 951 105 116 746 914 242 978 0 321 940 329 122 156 238 1138 1040 268 1009 430 1052 361 1125
832 473 471 714 452 505 548 309 618 193 170 640 512 256 650 426 249 445 613 83 676 321 0 619 52 264 426 185 817 719 252 688 388 731 319 804
830 836 849 712 1027 504 537 567 260 705 755 163 188 436 107 1046 869 234 92 703 85 940 619 0 635 868 1031 790 228 183 835 184 947 219 878 301
862 520 513 744 495 536 579 360 649 245 213 671 542 287 681 435 258 475 643 102 707 329 52 635 0 233 396 155 808 710 212 679 336 722 268 795
1095 618 603 977 421 769 812 519 882 351 275 904 775 520 914 222 153 709 877 205 940 122 264 868 233 0 162 126 1025 927 146 896 308 939 239 1012
1258 714 698 1140 505 931 975 682 1044 496 405 1066 938 683 1076 193 249 871 1039 368 1102 156 426 1031 396 162 0 276 1176 1078 278 1047 436 1090 367 1163
1017 633 617 899 521 691 734 488 804 366 289 825 697 442 835 344 236 630 798 180 861 238 185 790 155 126 276 0 899 802 72 771 209 813 140 886
1028 1033 1046 910 1225 701 735 764 458 903 952 362 389 633 303 1243 1066 432 309 900 222 1138 817 228 808 1025 1176 899 0 112 916 157 1027 132 959 144
965 944 948 847 1127 639 672 666 432 805 854 335 343 535 288 1145 968 344 264 802 215 1040 719 183 710 927 1078 802 112 0 804 45 915 40 847 119
1070 704 689 952 568 743 780 560 849 438 361 871 742 487 881 362 283 675 843 252 907 268 252 835 212 146 278 72 916 804 0 769 162 812 93 885
966 916 917 848 1096 640 673 635 433 774 823 336 345 504 289 1114 937 345 265 771 248 1009 688 184 679 896 1047 771 157 45 769 0 870 43 802 120
1194 841 826 1076 729 868 905 697 961 574 498 982 854 599 992 524 445 787 955 389 1018 430 388 947 336 308 436 209 1027 915 162 870 0 896 80 955
1001 956 960 883 1138 675 708 678 468 817 866 371 380 547 324 1157 980 380 300 814 255 1052 731 219 722 939 1090 813 132 40 812 43 896 0 827 82
1126 772 757 1008 660 799 836 628 892 506 429 914 785 530 924 455 376 718 886 320 950 361 319 878 268 239 367 140 959 847 93 802 80 827 0 874
1084 1035 1037 966 1211 757 791 755 551 890 939 454 462 620 395 1230 1053 462 383 887 314 1125 804 301 795 1012 1163 886 144 119 885 120 955 82 874 0
EOF
