NAME: godollo
TYPE: TSP
DIMENSION: 28
EDGE_WEIGHT_TYPE: EXPLICIT
EDGE_WEIGHT_FORMAT: FULL_MATRIX
EDGE_WEIGHT_SECTION
0 28 119 144 195 248 229 297 917 345 423 293 821 516 682 655 597 604 677 700 986 620 979 990 962 1014 1078 1152
28 0 104 131 182 234 216 282 903 330 409 279 807 502 668 641 583 590 663 686 972 606 965 976 948 1000 1065 1138
119 104 0 143 193 146 189 195 844 243 321 238 748 414 610 582 495 502 575 598 913 518 907 917 890 942 1006 1080
144 131 143 0 58 230 109 267 842 315 393 218 746 486 607 580 567 574 647 670 911 545 904 915 887 939 1004 1077
195 182 193 58 0 280 115 316 856 364 440 232 760 533 621 594 614 621 694 717 925 559 918 929 901 953 1017 1091
248 234 146 230 280 0 227 51 701 100 178 180 605 271 467 439 352 359 432 455 770 375 764 774 747 798 863 936
229 216 189 109 115 227 0 260 748 308 358 123 652 451 513 485 532 539 612 635 816 451 810 820 793 845 909 983
297 282 195 267 316 51 260 0 659 48 126 187 563 219 424 397 300 307 380 403 728 331 721 732 704 756 821 894
917 903 844 842 856 701 748 659 0 667 640 627 98 657 237 263 685 688 739 762 334 515 356 474 357 472 562 636
345 330 243 315 364 100 308 48 667 0 90 209 571 183 432 405 272 279 352 375 736 328 729 740 712 764 829 902
423 409 321 393 440 178 358 126 640 90 0 246 544 104 405 378 197 204 277 300 709 301 702 713 685 737 802 875
293 279 238 218 232 180 123 187 627 209 246 0 531 339 392 365 420 427 500 523 696 330 689 700 672 724 788 862
821 807 748 746 760 605 652 563 98 571 544 531 0 561 141 167 589 591 643 666 279 419 302 379 302 378 468 542
516 502 414 486 533 271 451 219 657 183 104 339 561 0 423 395 102 109 182 205 726 256 720 730 703 754 819 892
682 668 610 607 621 467 513 424 237 432 405 392 141 423 0 28 450 453 504 527 311 281 305 316 288 340 404 478
655 641 582 580 594 439 485 397 263 405 378 365 167 395 28 0 422 425 477 499 332 253 325 336 308 360 425 498
597 583 495 567 614 352 532 300 685 272 197 420 589 102 450 422 0 9 82 105 753 281 747 757 730 782 846 920
604 590 502 574 621 359 539 307 688 279 204 427 591 109 453 425 9 0 73 96 756 284 750 760 733 785 849 923
677 663 575 647 694 432 612 380 739 352 277 500 643 182 504 477 82 73 0 26 807 331 801 812 784 836 900 974
700 686 598 670 717 455 635 403 762 375 300 523 666 205 527 499 105 96 26 0 830 353 824 835 807 859 923 997
986 972 913 911 925 770 816 728 334 736 709 696 279 726 311 332 753 756 807 830 0 584 47 417 104 239 325 403
620 606 518 545 559 375 451 331 515 328 301 330 419 256 281 253 281 284 331 353 584 0 578 588 561 613 677 751
979 965 907 904 918 764 810 721 356 729 702 689 302 720 305 325 747 750 801 824 47 578 0 387 74 209 295 372
990 976 917 915 929 774 820 732 474 740 713 700 379 730 316 336 757 760 812 835 417 588 387 0 323 264 247 269
962 948 890 887 901 747 793 704 357 712 685 672 302 703 288 308 730 733 784 807 104 561 74 323 0 135 222 300
1014 1000 942 939 953 798 845 756 472 764 737 724 378 754 340 360 782 785 836 859 239 613 209 264 135 0 90 167
1078 1065 1006 1004 1017 863 909 821 562 829 802 788 468 819 404 425 846 849 900 923 325 677 295 247 222 90 0 82
1152 1138 1080 1077 1091 936 983 894 636 902 875 862 542 892 478 498 920 923 974 997 403 751 372 269 300 167 82 0
EOF
