NAME: res
TYPE: TSP
DIMENSION: 53
EDGE_WEIGHT_TYPE: EXPLICIT
EDGE_WEIGHT_FORMAT: FULL_MATRIX
EDGE_WEIGHT_SECTION
0 56 180 115 138 103 142 103 100 131 152 151 220 261 266 209 251 264 916 262 263 881 315 306 320 344 369 387 425 420 712 457 479 473 699 507 526 637 606 675 794 748 789 774 799 813 827 853 884 922 930 995 1004
56 0 219 165 177 142 192 142 139 172 190 190 259 300 305 248 290 303 955 301 302 920 354 345 359 382 408 426 464 459 751 495 518 512 738 545 565 676 645 714 833 787 828 812 837 852 866 892 923 961 969 1033 1043
180 219 0 226 64 97 251 79 128 210 209 197 266 307 312 255 297 310 962 308 309 927 361 352 366 390 415 433 471 466 758 503 525 519 745 553 572 683 652 721 840 794 835 820 845 859 873 899 930 968 976 1041 1050
115 165 226 0 184 149 40 148 130 104 125 159 198 238 244 217 228 242 924 243 271 889 323 306 322 352 378 396 433 428 720 465 487 482 707 515 534 646 614 684 803 757 797 782 807 821 836 862 893 930 938 1003 1013
138 177 64 184 0 56 209 36 84 168 167 153 222 263 268 211 253 266 918 264 265 883 317 308 322 346 372 390 427 422 714 459 481 475 701 509 528 640 608 678 797 750 791 776 801 815 829 855 886 924 932 997 1006
103 142 97 149 56 0 174 31 62 133 133 131 200 240 246 188 230 244 896 241 242 860 294 286 299 323 349 367 404 399 691 436 458 453 678 486 505 617 586 655 774 728 768 753 778 793 807 833 864 902 909 974 984
142 192 251 40 209 174 0 173 155 129 150 184 223 263 269 242 253 267 949 268 296 914 348 330 347 377 403 421 458 453 745 490 512 506 732 540 559 671 639 709 828 781 822 807 832 846 860 886 917 955 963 1028 1037
103 142 79 148 36 31 173 0 48 133 132 118 187 227 233 175 217 231 883 229 229 848 281 273 287 310 336 354 392 386 678 423 445 440 666 473 492 604 573 642 761 715 755 740 765 780 794 820 851 889 896 961 971
100 139 128 130 84 62 155 48 0 88 87 71 140 181 186 129 171 184 836 182 183 801 235 226 240 263 289 307 345 340 632 377 399 393 619 427 446 557 526 595 714 668 709 694 718 733 747 773 804 842 850 914 924
131 172 210 104 168 133 129 133 88 0 50 89 127 168 173 146 158 171 854 172 200 819 252 235 251 281 307 325 363 357 649 394 416 411 636 444 463 575 544 613 732 686 726 711 736 751 765 791 822 860 867 932 942
152 190 209 125 167 133 150 132 87 50 0 59 79 119 125 98 109 122 805 124 152 770 204 186 202 233 258 277 314 309 601 346 368 362 588 396 415 526 495 564 683 637 678 663 688 702 716 742 773 811 819 884 893
151 190 197 159 153 131 184 118 71 89 59 0 90 130 135 58 120 133 765 112 112 730 164 157 171 192 218 236 274 269 561 305 328 322 548 355 375 486 455 524 643 597 638 622 647 662 676 702 733 771 779 843 853
220 259 266 198 222 200 223 187 140 127 79 90 0 53 58 113 57 71 792 110 138 757 190 173 189 219 245 263 301 295 587 332 354 349 575 382 402 513 482 551 670 624 664 649 674 689 703 729 760 798 805 870 880
261 300 307 238 263 240 263 227 181 168 119 130 53 0 23 146 62 75 825 143 171 790 223 206 222 252 278 296 334 328 620 365 387 382 608 415 435 546 515 584 703 657 697 682 707 722 736 762 793 831 838 903 913
266 305 312 244 268 246 269 233 186 173 125 135 58 23 0 151 61 75 830 149 177 795 229 211 228 258 284 302 339 334 626 371 393 387 613 421 440 552 520 590 709 662 703 688 713 727 741 767 798 836 844 909 918
209 248 255 217 211 188 242 175 129 146 98 58 113 146 151 0 136 149 707 70 54 672 106 112 126 148 161 185 216 211 503 248 270 265 490 298 317 429 397 467 586 540 580 565 590 604 618 644 675 713 721 786 795
251 290 297 228 253 230 253 217 171 158 109 120 57 62 61 136 0 18 815 133 161 780 213 196 212 242 268 286 324 318 610 355 377 372 598 405 424 536 505 574 693 647 687 672 697 712 726 752 783 821 828 893 903
264 303 310 242 266 244 267 231 184 171 122 133 71 75 75 149 18 0 828 147 175 793 227 209 225 256 281 300 337 332 624 369 391 385 611 419 438 549 518 587 706 660 701 686 711 725 739 765 796 834 842 907 916
916 955 962 924 918 896 949 883 836 854 805 765 792 825 830 707 815 828 0 681 653 280 601 620 603 573 547 540 491 496 208 461 437 446 261 419 390 323 343 373 492 446 487 472 496 511 525 551 582 620 628 692 702
262 301 308 243 264 241 268 229 182 172 124 112 110 143 149 70 133 147 681 0 54 646 90 63 79 109 135 153 190 185 477 222 244 239 464 272 291 403 372 441 560 514 554 539 564 578 593 619 650 687 695 760 770
263 302 309 271 265 242 296 229 183 200 152 112 138 171 177 54 161 175 653 54 0 618 52 58 72 94 107 131 162 157 449 194 216 211 436 244 263 375 343 413 532 486 526 511 536 550 564 590 621 659 667 732 741
881 920 927 889 883 860 914 848 801 819 770 730 757 790 795 672 780 793 280 646 618 0 566 585 568 538 512 505 456 461 173 426 402 411 225 384 355 287 308 337 456 410 451 436 461 475 489 515 546 584 592 657 666
315 354 361 323 317 294 348 281 235 252 204 164 190 223 229 106 213 227 601 90 52 566 0 47 51 56 55 93 110 113 397 142 164 158 384 192 211 323 291 361 480 433 474 459 484 498 512 538 569 607 615 680 689
306 345 352 306 308 286 330 273 226 235 186 157 173 206 211 112 196 209 620 63 58 585 47 0 17 47 82 91 129 123 415 160 182 177 403 210 229 341 310 379 498 452 492 477 502 517 531 557 588 626 633 698 708
320 359 366 322 322 299 347 287 240 251 202 171 189 222 228 126 212 225 603 79 72 568 51 17 0 31 73 75 112 107 399 144 166 161 386 194 213 325 294 363 482 436 476 461 486 501 515 541 572 610 617 682 692
344 382 390 352 346 323 377 310 263 281 233 192 219 252 258 148 242 256 573 109 94 538 56 47 31 0 52 45 89 77 369 114 136 131 356 164 183 295 263 333 452 406 446 431 456 470 484 510 541 579 587 652 661
369 408 415 378 372 349 403 336 289 307 258 218 245 278 284 161 268 281 547 135 107 512 55 82 73 52 0 58 56 72 342 100 109 114 330 139 156 268 237 306 425 379 419 404 429 444 458 484 515 553 560 625 635
387 426 433 396 390 367 421 354 307 325 277 236 263 296 302 185 286 300 540 153 131 505 93 91 75 45 58 0 69 43 335 80 106 97 323 130 149 261 230 299 418 372 412 397 422 437 451 477 508 546 553 618 628
425 464 471 433 427 404 458 392 345 363 314 274 301 334 339 216 324 337 491 190 162 456 110 129 112 89 56 69 0 47 287 58 54 71 274 96 101 212 181 250 369 323 364 349 374 388 402 428 459 497 505 570 579
420 459 466 428 422 399 453 386 340 357 309 269 295 328 334 211 318 332 496 185 157 461 113 123 107 77 72 43 47 0 292 37 72 54 279 87 106 218 186 256 375 329 369 354 379 393 408 434 465 502 510 575 585
712 751 758 720 714 691 745 678 632 649 601 561 587 620 626 503 610 624 208 477 449 173 397 415 399 369 342 335 287 292 0 257 233 241 53 215 186 115 138 165 284 238 279 264 289 303 317 343 374 412 420 485 494
457 495 503 465 459 436 490 423 377 394 346 305 332 365 371 248 355 369 461 222 194 426 142 160 144 114 100 80 58 37 257 0 51 18 244 52 79 182 151 220 339 293 334 319 344 358 372 398 429 467 475 540 549
479 518 525 487 481 458 512 445 399 416 368 328 354 387 393 270 377 391 437 244 216 402 164 182 166 136 109 106 54 72 233 51 0 51 220 56 47 159 127 197 316 270 310 295 320 334 348 375 406 443 451 516 526
473 512 519 482 475 453 506 440 393 411 362 322 349 382 387 265 372 385 446 239 211 411 158 177 161 131 114 97 71 54 241 18 51 0 229 36 69 167 136 205 324 278 318 303 328 343 357 383 414 452 459 524 534
699 738 745 707 701 678 732 666 619 636 588 548 575 608 613 490 598 611 261 464 436 225 384 403 386 356 330 323 274 279 53 244 220 229 0 202 173 62 110 112 231 185 226 211 236 250 264 290 321 359 367 432 441
507 545 553 515 509 486 540 473 427 444 396 355 382 415 421 298 405 419 419 272 244 384 192 210 194 164 139 130 96 87 215 52 56 36 202 0 44 141 108 179 298 252 292 277 302 316 331 357 388 425 433 498 508
526 565 572 534 528 505 559 492 446 463 415 375 402 435 440 317 424 438 390 291 263 355 211 229 213 183 156 149 101 106 186 79 47 69 173 44 0 112 80 150 269 222 263 248 273 287 301 327 358 396 404 469 478
637 676 683 646 640 617 671 604 557 575 526 486 513 546 552 429 536 549 323 403 375 287 323 341 325 295 268 261 212 218 115 182 159 167 62 141 112 0 48 53 172 126 167 151 176 191 205 231 262 300 307 372 382
606 645 652 614 608 586 639 573 526 544 495 455 482 515 520 397 505 518 343 372 343 308 291 310 294 263 237 230 181 186 138 151 127 136 110 108 80 48 0 84 203 157 198 183 208 222 236 262 293 331 339 404 413
675 714 721 684 678 655 709 642 595 613 564 524 551 584 590 467 574 587 373 441 413 337 361 379 363 333 306 299 250 256 165 220 197 205 112 179 150 53 84 0 119 73 113 98 123 138 152 178 209 247 254 319 329
794 833 840 803 797 774 828 761 714 732 683 643 670 703 709 586 693 706 492 560 532 456 480 498 482 452 425 418 369 375 284 339 316 324 231 298 269 172 203 119 0 47 31 109 134 88 143 180 203 241 249 314 323
748 787 794 757 750 728 781 715 668 686 637 597 624 657 662 540 647 660 446 514 486 410 433 452 436 406 379 372 323 329 238 293 270 278 185 252 222 126 157 73 47 0 41 65 90 72 118 144 175 213 221 286 295
789 828 835 797 791 768 822 755 709 726 678 638 664 697 703 580 687 701 487 554 526 451 474 492 476 446 419 412 364 369 279 334 310 318 226 292 263 167 198 113 31 41 0 102 127 62 117 155 178 216 223 288 298
774 812 820 782 776 753 807 740 694 711 663 622 649 682 688 565 672 686 472 539 511 436 459 477 461 431 404 397 349 354 264 319 295 303 211 277 248 151 183 98 109 65 102 0 26 89 54 80 111 149 157 222 231
799 837 845 807 801 778 832 765 718 736 688 647 674 707 713 590 697 711 496 564 536 461 484 502 486 456 429 422 374 379 289 344 320 328 236 302 273 176 208 123 134 90 127 26 0 80 33 55 86 124 132 197 206
813 852 859 821 815 793 846 780 733 751 702 662 689 722 727 604 712 725 511 578 550 475 498 517 501 470 444 437 388 393 303 358 334 343 250 316 287 191 222 138 88 72 62 89 80 0 69 107 130 167 175 240 250
827 866 873 836 829 807 860 794 747 765 716 676 703 736 741 618 726 739 525 593 564 489 512 531 515 484 458 451 402 408 317 372 348 357 264 331 301 205 236 152 143 118 117 54 33 69 0 40 61 99 106 171 181
853 892 899 862 855 833 886 820 773 791 742 702 729 762 767 644 752 765 551 619 590 515 538 557 541 510 484 477 428 434 343 398 375 383 290 357 327 231 262 178 180 144 155 80 55 107 40 0 41 69 76 141 151
884 923 930 893 886 864 917 851 804 822 773 733 760 793 798 675 783 796 582 650 621 546 569 588 572 541 515 508 459 465 374 429 406 414 321 388 358 262 293 209 203 175 178 111 86 130 61 41 0 46 45 110 120
922 961 968 930 924 902 955 889 842 860 811 771 798 831 836 713 821 834 620 687 659 584 607 626 610 579 553 546 497 502 412 467 443 452 359 425 396 300 331 247 241 213 216 149 124 167 99 69 46 0 24 80 90
930 969 976 938 932 909 963 896 850 867 819 779 805 838 844 721 828 842 628 695 667 592 615 633 617 587 560 553 505 510 420 475 451 459 367 433 404 307 339 254 249 221 223 157 132 175 106 76 45 24 0 65 75
995 1033 1041 1003 997 974 1028 961 914 932 884 843 870 903 909 786 893 907 692 760 732 657 680 698 682 652 625 618 570 575 485 540 516 524 432 498 469 372 404 319 314 286 288 222 197 240 171 141 110 80 65 0 17
1004 1043 1050 1013 1006 984 1037 971 924 942 893 853 880 913 918 795 903 916 702 770 741 666 689 708 692 661 635 628 579 585 494 549 526 534 441 508 478 382 413 329 323 295 298 231 206 250 181 151 120 90 75 17 0
EOF
