NAME: vertesboglar2
TYPE: TSP
DIMENSION: 119
EDGE_WEIGHT_TYPE: EXPLICIT
EDGE_WEIGHT_FORMAT: FULL_MATRIX
EDGE_WEIGHT_SECTION
0 250 246 763 800 811 841 722 873 820 721 733 758 692 857 564 745 884 870 806 840 733 949 1006 911 969 937 1054 1051 1005 1041 905 1017 898 706 894 718 895 1182 750 784 748 756 885 764 757 773 773 775 1098 1446 1234 788 1437 1394 795 1395 1396 1253 803 1351 1405 811 825 1133 1327 837 827 1340 1322 850 856 1329 879 880 1325 910 1341 1341 918 1348 1354 947 1374 1358 1389 972 1384 1381 1403 1018 1283 1319 1347 1368 1404 1423 1438 1442 1469 1486 1513 1521 1523 1549 1549 1544 1554 1551 1537 1603 1611 1631 1628 1636 1653 1653 1638 1678
250 0 11 757 794 805 835 716 867 814 715 727 752 686 851 558 739 878 864 800 834 728 943 1000 905 963 931 1048 1045 999 1035 899 1011 892 700 888 712 889 1176 744 778 742 750 880 758 751 768 767 769 1092 1440 1228 782 1431 1389 790 1389 1391 1247 798 1345 1399 805 819 1127 1321 831 821 1334 1317 844 850 1323 874 874 1319 904 1335 1336 912 1342 1348 941 1368 1353 1383 966 1378 1375 1397 1012 1277 1313 1341 1362 1398 1417 1432 1436 1463 1480 1507 1516 1517 1543 1543 1538 1548 1545 1531 1597 1605 1625 1622 1630 1647 1647 1633 1673
246 11 0 753 791 802 831 712 864 811 711 723 749 682 847 555 735 874 860 797 830 724 939 996 901 959 928 1044 1042 995 1032 896 1007 888 697 885 709 886 1172 741 775 739 746 876 754 747 764 764 765 1088 1436 1224 778 1427 1385 786 1385 1387 1243 794 1341 1396 802 815 1123 1317 827 817 1331 1313 841 846 1320 870 870 1315 900 1331 1332 908 1338 1344 938 1365 1349 1379 962 1374 1372 1393 1008 1274 1309 1338 1359 1394 1414 1428 1433 1459 1476 1503 1512 1513 1539 1539 1535 1544 1542 1527 1594 1602 1621 1618 1626 1644 1644 1629 1669
763 757 753 0 69 94 143 77 184 135 104 116 141 151 178 546 173 240 239 229 290 242 433 491 396 454 422 538 536 490 526 390 502 398 634 412 641 429 815 643 413 619 533 479 619 604 551 620 621 731 1079 867 634 1070 1028 642 1028 1029 886 650 984 1038 658 671 766 960 684 660 973 956 697 703 962 713 722 958 743 974 975 751 981 987 780 1007 992 1022 804 1017 1014 1036 851 916 952 980 1001 1037 1056 1071 1075 1102 1119 1146 1155 1156 1182 1182 1177 1187 1184 1186 1254 1262 1282 1279 1287 1304 1305 1290 1330
800 794 791 69 0 35 84 78 125 81 98 105 94 171 124 583 132 185 184 174 236 207 379 436 341 399 368 484 482 435 472 336 447 343 672 363 678 379 780 680 390 650 527 436 650 635 545 648 640 696 1043 831 648 1035 992 655 993 994 851 663 949 1003 671 685 731 924 697 673 938 920 710 716 927 726 736 923 756 939 939 764 945 952 793 972 956 987 818 982 979 1001 857 881 917 945 966 1002 1021 1036 1040 1066 1084 1111 1119 1121 1146 1147 1142 1152 1149 1151 1219 1227 1247 1244 1252 1269 1269 1254 1295
811 805 802 94 35 0 57 89 99 55 109 97 83 182 98 595 121 159 159 149 210 195 354 411 316 374 342 459 456 410 446 310 422 318 683 337 690 354 761 691 379 661 516 411 661 641 534 644 629 677 1025 813 636 1016 974 644 974 976 832 652 930 984 660 673 712 906 686 662 919 902 699 705 909 715 725 904 745 920 921 753 927 933 782 954 938 968 807 963 961 982 846 863 898 927 948 983 1002 1017 1021 1048 1065 1092 1101 1102 1128 1128 1123 1133 1131 1132 1201 1209 1228 1225 1233 1251 1251 1236 1276
841 835 831 143 84 57 0 122 48 28 139 127 90 215 61 624 128 116 117 111 168 187 313 370 275 333 302 418 416 369 406 270 381 278 712 298 719 314 722 720 368 681 529 372 681 655 547 659 644 638 986 774 651 977 935 659 935 937 793 667 891 945 674 688 673 867 700 676 880 863 713 719 869 729 739 865 760 881 882 768 888 894 796 915 899 929 821 924 922 943 860 823 859 887 908 944 963 978 982 1009 1026 1053 1062 1063 1089 1089 1084 1094 1092 1093 1162 1170 1189 1186 1194 1212 1212 1197 1237
722 716 712 77 78 89 122 0 160 108 27 44 76 93 152 505 103 215 213 202 264 172 377 435 340 398 366 482 480 434 470 334 446 329 593 342 600 359 745 602 340 571 460 409 571 556 478 570 564 661 1008 797 576 1000 957 584 958 959 816 592 914 968 600 613 696 890 626 602 903 885 639 645 892 655 664 888 685 904 904 693 911 917 722 937 921 952 746 947 944 966 791 846 882 910 931 967 986 1001 1005 1032 1049 1076 1084 1086 1112 1112 1107 1117 1114 1116 1184 1192 1212 1209 1217 1234 1234 1220 1260
873 867 864 184 125 99 48 160 0 58 171 159 122 252 60 657 160 84 84 106 147 182 302 359 264 322 290 407 404 358 394 258 370 266 745 286 752 303 718 752 363 713 562 365 713 688 580 691 676 633 981 769 683 972 930 691 930 932 788 699 886 941 707 720 668 862 733 709 876 858 746 751 865 762 771 860 792 876 877 800 883 889 829 910 894 924 853 919 917 939 860 819 855 883 904 939 959 974 978 1004 1021 1048 1057 1058 1084 1084 1080 1089 1087 1089 1157 1165 1184 1182 1189 1207 1207 1192 1232
820 814 811 135 81 55 28 108 58 0 118 106 69 199 44 604 107 106 105 95 156 171 300 357 262 320 288 404 402 356 392 256 368 264 692 283 699 300 707 699 352 660 509 357 660 635 527 638 623 623 971 759 630 962 920 638 920 922 778 646 876 930 654 667 658 852 680 656 865 848 693 698 854 709 718 850 739 866 867 747 873 879 776 899 884 914 800 909 906 928 839 808 844 872 893 929 948 963 967 994 1011 1038 1047 1048 1074 1074 1069 1079 1076 1078 1146 1154 1174 1171 1179 1196 1197 1182 1222
721 715 711 104 98 109 139 27 171 118 0 26 76 92 161 504 89 224 222 212 250 153 359 416 321 379 347 464 461 415 451 315 427 310 592 323 599 340 726 600 321 570 441 390 570 555 459 569 554 642 990 778 562 981 939 569 939 941 797 577 895 949 585 599 677 871 611 587 884 867 624 630 873 640 650 869 670 885 886 678 892 898 707 918 903 933 732 928 925 947 771 827 863 891 912 948 967 982 986 1013 1030 1057 1066 1067 1093 1093 1088 1098 1095 1097 1166 1174 1193 1190 1198 1215 1216 1201 1241
733 727 723 116 105 97 127 44 159 106 26 0 50 116 150 516 63 212 210 191 225 128 334 391 296 354 322 439 436 390 426 290 402 285 604 298 611 315 701 612 298 573 422 365 573 547 440 550 535 617 965 753 542 956 914 550 914 916 772 558 870 924 566 579 652 846 592 568 859 842 605 611 848 621 631 844 651 860 861 659 867 873 688 894 878 908 713 903 901 922 752 803 838 867 888 923 942 957 961 988 1005 1032 1041 1042 1068 1068 1063 1073 1071 1072 1141 1149 1168 1165 1173 1191 1191 1176 1216
758 752 749 141 94 83 90 76 122 69 76 50 0 166 113 541 38 176 174 164 210 113 319 376 281 339 307 424 421 375 411 275 387 270 629 283 636 300 686 637 296 598 447 350 598 573 465 576 561 602 950 738 568 941 899 576 899 901 757 584 855 909 592 605 637 831 617 593 844 827 631 636 833 647 656 829 677 845 846 685 852 858 713 879 863 893 738 888 886 907 777 788 823 851 872 908 927 942 946 973 990 1017 1026 1027 1053 1053 1048 1058 1056 1057 1126 1134 1153 1150 1158 1176 1176 1161 1201
692 686 682 151 171 182 215 93 252 199 92 116 166 0 242 475 179 305 303 276 310 203 419 476 381 439 407 523 521 475 511 375 487 370 563 374 570 390 771 572 366 542 436 434 541 521 454 530 525 687 1034 822 537 1026 983 545 984 985 842 553 940 994 561 574 721 915 586 562 929 911 600 605 918 616 625 914 646 930 930 654 936 943 683 963 947 978 707 973 970 992 753 872 908 936 957 993 1012 1027 1031 1057 1075 1102 1110 1112 1137 1138 1133 1143 1140 1142 1210 1218 1237 1235 1243 1260 1260 1245 1285
857 851 847 178 124 98 61 152 60 44 161 150 113 242 0 640 151 82 75 51 115 127 257 314 219 277 246 362 360 313 350 214 325 222 708 241 714 257 665 715 308 676 525 314 676 651 543 654 639 580 928 716 646 920 877 654 878 879 735 662 834 888 670 683 615 809 695 671 823 805 709 714 812 725 734 808 755 823 824 763 830 836 792 857 841 871 807 867 864 886 808 766 802 830 851 886 906 921 925 951 968 996 1004 1005 1031 1031 1027 1037 1034 1036 1104 1112 1131 1129 1137 1154 1154 1139 1179
564 558 555 546 583 595 624 505 657 604 504 516 541 475 640 0 528 667 653 590 623 517 732 789 694 752 721 837 834 788 824 688 800 681 223 677 252 678 965 288 567 290 519 669 312 330 516 350 366 881 1227 1016 385 1219 1176 402 1177 1178 1035 420 1133 1187 440 478 906 1109 480 517 1122 1104 513 520 1111 553 554 1107 591 1123 1123 597 1130 1136 639 1156 1140 1171 671 1166 1163 1185 717 1035 1071 1099 1120 1156 1175 1190 1194 1221 1238 1265 1274 1275 1301 1301 1296 1306 1303 1251 1306 1314 1333 1330 1338 1356 1356 1338 1377
745 739 735 173 132 121 128 103 160 107 89 63 38 179 151 528 0 213 211 149 182 85 291 348 253 312 280 396 394 348 384 248 359 243 616 256 623 272 659 624 269 585 433 322 585 559 451 563 547 575 922 710 555 914 871 562 872 873 729 570 828 882 578 592 609 803 604 580 817 799 617 623 806 633 643 802 663 818 818 671 824 831 700 851 835 866 725 861 858 880 764 760 796 824 845 881 900 915 919 945 963 990 998 1000 1025 1026 1021 1031 1028 1030 1098 1106 1125 1123 1131 1148 1148 1133 1173
884 878 874 240 185 159 116 215 84 106 224 212 176 305 82 667 213 0 19 83 93 154 248 305 210 269 237 353 351 305 341 205 316 213 734 233 741 249 664 742 310 703 551 312 703 677 569 681 666 580 928 716 673 919 877 681 877 879 735 689 833 887 696 710 615 809 722 698 822 805 735 741 811 751 761 807 782 823 824 790 830 836 816 857 841 871 806 866 864 885 807 766 801 830 851 886 905 920 924 951 968 995 1004 1005 1031 1031 1026 1036 1034 1035 1104 1112 1131 1128 1136 1154 1154 1139 1179
870 864 860 239 184 159 117 213 84 105 222 210 174 303 75 653 211 19 0 69 78 140 234 291 196 254 223 339 336 290 326 190 302 198 721 218 727 235 650 728 296 689 538 298 689 664 556 667 652 566 913 702 659 905 862 667 863 864 721 675 819 873 683 696 601 795 708 684 808 790 722 727 797 738 747 793 768 809 809 776 815 822 802 842 826 857 792 852 849 871 793 751 787 815 836 872 891 906 910 937 954 981 989 991 1016 1017 1012 1022 1019 1021 1089 1097 1117 1114 1122 1139 1139 1125 1165
806 800 797 229 174 149 111 202 106 95 212 191 164 276 51 590 149 83 69 0 74 76 215 272 177 235 203 320 317 271 307 171 283 179 657 198 664 215 616 665 257 626 474 269 626 600 492 603 588 532 879 667 595 871 828 603 829 830 686 611 785 839 619 632 566 760 645 621 774 756 658 664 763 674 684 759 704 775 775 712 781 788 741 808 792 823 758 818 815 837 759 717 753 781 802 838 857 872 876 902 920 947 955 957 982 983 978 988 985 987 1055 1063 1082 1080 1088 1105 1105 1090 1130
840 834 830 290 236 210 168 264 147 156 250 225 210 310 115 623 182 93 78 74 0 110 186 244 149 207 175 291 289 243 279 143 255 151 691 171 697 188 603 698 248 659 508 250 659 634 526 637 622 518 866 654 629 858 815 637 816 817 673 645 772 826 653 666 553 747 678 654 761 743 692 697 750 708 717 746 738 761 762 746 768 774 755 795 779 809 745 805 802 824 746 704 740 768 789 824 844 859 863 889 906 934 942 943 969 970 965 975 972 974 1042 1050 1069 1067 1075 1092 1092 1077 1117
733 728 724 242 207 195 187 172 182 171 153 128 113 203 127 517 85 154 140 76 110 0 216 273 178 236 204 321 318 272 308 172 284 167 581 171 588 187 573 588 188 550 398 237 549 524 416 527 512 489 837 625 519 828 786 527 786 788 644 535 742 796 543 556 524 718 569 545 731 714 582 588 721 598 607 716 628 732 733 636 739 745 665 766 750 780 689 775 773 794 716 675 710 739 760 795 814 829 833 860 877 904 913 914 940 940 935 945 943 944 1013 1021 1040 1037 1045 1063 1063 1048 1088
949 943 939 433 379 354 313 377 302 300 359 334 319 419 257 732 291 248 234 215 186 216 0 73 55 32 35 123 120 84 110 89 96 118 769 148 776 171 610 777 285 738 586 251 738 712 605 716 701 526 873 661 708 865 822 716 823 824 680 724 779 833 732 745 560 754 757 723 768 750 771 775 757 749 759 753 753 769 769 758 775 782 762 802 786 817 752 812 809 831 753 711 747 775 796 832 851 866 870 896 914 941 949 951 976 977 972 982 979 981 1049 1057 1076 1074 1082 1099 1099 1084 1124
1006 1000 996 491 436 411 370 435 359 357 416 391 376 476 314 789 348 305 291 272 244 273 73 0 114 42 81 65 69 80 74 143 79 171 827 201 834 224 663 834 343 795 644 304 795 770 662 773 758 579 926 715 765 918 875 773 876 877 734 781 832 886 789 802 614 807 815 776 821 803 828 828 810 802 812 806 807 822 822 812 828 835 815 855 839 870 805 865 862 884 806 764 800 828 849 885 904 919 923 949 967 994 1002 1004 1029 1030 1025 1035 1032 1034 1102 1110 1130 1127 1135 1152 1152 1137 1178
911 905 901 396 341 316 275 340 264 262 321 296 281 381 219 694 253 210 196 177 149 178 55 114 0 76 46 162 160 113 150 67 125 96 732 126 739 149 588 739 255 700 549 229 700 675 567 678 663 504 851 639 670 843 800 678 801 802 659 686 757 811 694 707 538 732 720 696 746 728 733 738 735 727 737 731 732 747 747 736 753 760 740 780 764 795 730 790 787 809 731 689 725 753 774 810 829 844 848 874 892 919 927 929 954 955 950 960 957 959 1027 1035 1054 1052 1060 1077 1077 1062 1102
969 963 959 454 399 374 333 398 322 320 379 354 339 439 277 752 312 269 254 235 207 236 32 42 76 0 44 91 89 61 79 106 73 134 790 164 797 187 626 798 306 759 607 267 758 733 625 736 721 542 890 678 728 881 839 736 839 840 697 744 795 849 752 765 577 771 778 739 784 767 791 791 773 766 775 769 770 785 786 775 792 798 778 818 802 833 768 828 825 847 769 727 763 791 812 848 867 882 886 913 930 957 966 967 993 993 988 998 995 997 1065 1073 1093 1090 1098 1115 1116 1101 1141
937 931 928 422 368 342 302 366 290 288 347 322 307 407 246 721 280 237 223 203 175 204 35 81 46 44 0 125 123 77 113 66 88 94 752 124 758 147 586 759 266 720 569 227 720 695 587 698 683 502 850 638 690 841 799 698 799 800 657 706 755 809 714 727 537 731 739 699 744 726 752 751 733 725 735 729 730 745 745 735 752 758 738 778 762 793 728 788 785 807 729 687 723 751 772 808 827 842 846 873 890 917 926 927 953 953 948 958 955 957 1025 1033 1053 1050 1058 1075 1075 1061 1101
1054 1048 1044 538 484 459 418 482 407 404 464 439 424 523 362 837 396 353 339 320 291 321 123 65 162 91 125 0 27 107 48 187 83 215 873 245 880 269 707 880 387 841 690 349 841 816 708 819 804 623 971 759 811 962 920 819 920 922 778 827 876 930 835 848 658 852 861 820 865 848 873 872 854 847 857 850 851 866 867 856 873 879 859 900 884 914 849 909 907 928 850 809 844 873 893 929 948 963 967 994 1011 1038 1047 1048 1074 1074 1069 1079 1077 1078 1147 1155 1174 1171 1179 1197 1197 1182 1222
1051 1045 1042 536 482 456 416 480 404 402 461 436 421 521 360 834 394 351 336 317 289 318 120 69 160 89 123 27 0 92 32 185 68 213 870 243 877 266 705 878 385 839 687 346 839 813 705 817 802 621 968 757 809 960 917 817 918 919 776 825 874 928 832 846 656 850 858 818 863 845 871 870 852 844 854 848 849 864 864 854 871 877 857 897 881 912 847 907 904 926 848 806 842 870 891 927 946 961 965 992 1009 1036 1044 1046 1071 1072 1067 1077 1074 1076 1144 1152 1172 1169 1177 1194 1194 1180 1220
1005 999 995 490 435 410 369 434 358 356 415 390 375 475 313 788 348 305 290 271 243 272 84 80 113 61 77 107 92 0 70 138 36 167 824 197 831 220 659 832 338 793 641 300 793 767 659 771 755 575 922 710 763 914 871 771 872 873 729 779 828 882 786 800 609 803 812 772 817 799 825 824 806 798 808 802 802 818 818 807 824 831 811 851 835 866 801 861 858 880 802 760 796 824 845 881 900 915 919 945 963 990 998 1000 1025 1026 1021 1031 1028 1030 1098 1106 1125 1123 1131 1148 1148 1133 1173
1041 1035 1032 526 472 446 406 470 394 392 451 426 411 511 350 824 384 341 326 307 279 308 110 74 150 79 113 48 32 70 0 175 44 203 860 233 867 256 695 868 375 829 677 336 829 803 695 807 792 611 958 747 799 950 907 807 908 909 766 815 864 918 822 836 646 839 848 808 853 835 861 860 842 834 844 838 839 854 854 844 860 867 847 887 871 902 837 897 894 916 838 796 832 860 881 917 936 951 955 982 999 1026 1034 1036 1061 1062 1057 1067 1064 1066 1134 1142 1162 1159 1167 1184 1184 1169 1210
905 899 896 390 336 310 270 334 258 256 315 290 275 375 214 688 248 205 190 171 143 172 89 143 67 106 66 187 185 138 175 0 150 30 697 60 704 83 522 705 203 666 514 163 666 640 532 644 628 438 786 574 636 777 735 643 735 737 593 651 691 745 659 673 473 667 685 635 680 663 688 687 669 662 671 665 666 681 682 671 688 694 674 714 699 729 664 724 721 743 665 623 659 687 708 744 763 778 782 809 826 853 862 863 889 889 884 894 891 893 962 970 989 986 994 1011 1012 997 1037
1017 1011 1007 502 447 422 381 446 370 368 427 402 387 487 325 800 359 316 302 283 255 284 96 79 125 73 88 83 68 36 44 150 0 179 836 208 843 232 671 844 350 805 653 312 804 779 671 782 767 586 934 722 774 925 883 782 883 885 741 790 839 894 798 811 621 815 824 784 829 811 836 835 818 810 820 813 814 829 830 819 836 842 823 863 847 877 812 872 870 892 813 772 807 836 857 892 912 926 931 957 974 1001 1010 1011 1037 1037 1033 1042 1040 1042 1110 1118 1137 1135 1142 1160 1160 1145 1185
898 892 888 398 343 318 278 329 266 264 310 285 270 370 222 681 243 213 198 179 151 167 118 171 96 134 94 215 213 167 203 30 179 0 690 33 697 56 495 697 178 658 507 136 658 633 525 636 621 410 758 546 628 750 707 636 707 709 565 644 664 718 652 665 445 639 678 608 653 635 660 659 642 634 644 637 638 653 654 643 660 666 647 687 671 701 637 697 694 716 638 596 632 660 681 716 736 751 755 781 798 826 834 835 861 861 857 866 864 866 934 942 961 959 966 984 984 969 1009
706 700 697 634 672 683 712 593 745 692 592 604 629 563 708 223 616 734 721 657 691 581 769 827 732 790 752 873 870 824 860 697 836 690 0 683 43 684 949 90 573 126 500 674 148 166 498 185 202 865 1209 997 221 1200 1158 241 1158 1160 1016 259 1114 1168 279 317 887 1090 319 367 1103 1086 352 359 1093 392 393 1088 430 1104 1105 436 1111 1117 478 1138 1122 1152 510 1147 1145 1166 556 1017 1053 1081 1102 1137 1157 1172 1176 1202 1219 1246 1255 1256 1282 1282 1278 1287 1285 1232 1280 1288 1308 1305 1313 1330 1330 1297 1317
894 888 885 412 363 337 298 342 286 283 323 298 283 374 241 677 256 233 218 198 171 171 148 201 126 164 124 245 243 197 233 60 208 33 683 0 690 24 463 690 154 651 500 104 651 626 518 629 614 378 726 514 621 718 675 629 676 677 533 637 632 686 645 642 413 607 654 576 621 603 628 627 610 602 612 606 606 621 622 611 628 634 615 655 639 669 605 665 662 684 606 564 600 628 649 684 704 719 723 749 766 794 802 803 829 829 825 835 832 834 902 910 929 927 935 952 952 937 977
718 712 709 641 678 690 719 600 752 699 599 611 636 570 714 252 623 741 727 664 697 588 776 834 739 797 758 880 877 831 867 704 843 697 43 690 0 691 929 50 580 88 480 681 108 134 478 147 168 845 1189 977 184 1181 1138 204 1139 1140 996 222 1095 1149 242 281 867 1070 282 347 1084 1066 315 322 1073 355 355 1069 393 1084 1085 399 1091 1098 440 1118 1102 1132 472 1128 1125 1147 519 997 1033 1061 1082 1118 1137 1152 1156 1182 1200 1227 1235 1237 1262 1263 1258 1268 1265 1213 1261 1269 1288 1285 1293 1311 1311 1277 1297
895 889 886 429 379 354 314 359 303 300 340 315 300 390 257 678 272 249 235 215 188 187 171 224 149 187 147 269 266 220 256 83 232 56 684 24 691 0 449 691 142 652 501 90 652 627 519 630 615 365 712 500 622 704 661 630 662 663 519 638 618 672 646 628 399 593 640 562 607 589 615 614 596 588 598 592 592 607 608 597 614 621 601 641 625 656 591 651 648 670 592 550 586 614 635 671 690 705 709 735 753 780 788 790 815 816 811 821 818 820 888 896 915 913 921 938 938 923 963
1182 1176 1172 815 780 761 722 745 718 707 726 701 686 771 665 965 659 664 650 616 603 573 610 663 588 626 586 707 705 659 695 522 671 495 949 463 929 449 0 894 405 841 560 359 826 795 549 784 761 144 359 163 747 359 322 726 329 330 191 709 296 339 688 648 194 299 660 582 313 297 635 634 304 608 618 322 613 349 349 617 355 362 621 382 366 397 611 392 389 411 612 442 478 506 527 562 582 597 601 627 644 672 680 681 707 708 703 713 710 712 781 789 808 805 813 831 831 816 856
750 744 741 643 680 691 720 602 752 699 600 612 637 572 715 288 624 742 728 665 698 588 777 834 739 798 759 880 878 832 868 705 844 697 90 690 50 691 894 0 580 53 446 682 69 99 443 111 134 810 1154 942 148 1146 1103 169 1104 1105 962 187 1060 1114 207 247 832 1035 247 312 1049 1031 280 286 1038 320 320 1034 357 1050 1050 364 1056 1063 405 1083 1067 1098 437 1093 1090 1112 483 962 998 1026 1047 1083 1102 1117 1121 1148 1165 1192 1200 1202 1228 1228 1223 1233 1230 1178 1226 1234 1253 1251 1259 1276 1276 1242 1263
784 778 775 413 390 379 368 340 363 352 321 298 296 366 308 567 269 310 296 257 248 188 285 343 255 306 266 387 385 338 375 203 350 178 573 154 580 142 405 580 0 541 390 101 541 516 408 519 504 321 668 456 511 660 617 519 618 619 476 527 574 628 535 548 355 549 561 518 563 545 571 570 552 544 554 548 549 564 564 553 570 577 557 597 581 612 547 607 604 626 548 506 542 570 591 627 646 661 665 691 709 736 744 746 771 772 767 777 774 776 844 852 871 869 877 894 894 879 919
748 742 739 619 650 661 681 571 713 660 570 573 598 542 676 290 585 703 689 626 659 550 738 795 700 759 720 841 839 793 829 666 805 658 126 651 88 652 841 53 541 0 398 643 22 46 390 60 81 757 1101 889 96 1093 1050 116 1051 1052 908 134 1007 1061 154 194 779 982 194 259 996 978 227 234 985 267 268 981 305 997 997 311 1003 1010 352 1030 1014 1045 384 1040 1037 1059 431 909 945 973 994 1030 1049 1064 1068 1095 1112 1139 1147 1149 1174 1175 1170 1180 1177 1125 1173 1181 1200 1198 1206 1223 1223 1189 1210
756 750 746 533 527 516 529 460 562 509 441 422 447 436 525 519 433 551 538 474 508 398 586 644 549 607 569 690 687 641 677 514 653 507 500 500 480 501 560 446 390 398 0 450 387 362 28 365 350 476 820 608 350 812 769 340 770 771 627 334 726 780 325 305 498 701 323 251 715 697 307 308 704 298 308 700 329 715 716 336 722 728 365 749 733 763 383 759 756 778 417 628 664 692 713 749 768 783 787 813 831 858 866 868 893 894 889 899 896 849 915 923 942 940 948 965 965 950 990
885 880 876 479 436 411 372 409 365 357 390 365 350 434 314 669 322 312 298 269 250 237 251 304 229 267 227 349 346 300 336 163 312 136 674 104 681 90 359 682 101 643 450 0 643 617 439 621 605 275 622 410 612 614 571 616 572 573 429 599 528 582 578 538 309 503 550 472 517 499 525 524 506 498 508 502 502 518 518 507 524 531 511 551 535 566 501 561 558 580 502 460 496 524 545 581 600 615 619 645 663 690 698 700 725 726 721 731 728 730 798 806 825 823 831 848 848 833 873
764 758 754 619 650 661 681 571 713 660 570 573 598 541 676 312 585 703 689 626 659 549 738 795 700 758 720 841 839 793 829 666 804 658 148 651 108 652 826 69 541 22 387 643 0 30 377 42 65 741 1085 873 79 1077 1034 100 1035 1036 893 118 991 1045 138 178 763 966 178 243 980 962 211 217 969 251 251 965 289 981 981 295 987 994 336 1014 998 1029 368 1024 1021 1043 414 893 929 957 978 1014 1033 1048 1052 1079 1096 1123 1132 1133 1159 1159 1154 1164 1161 1109 1157 1165 1184 1182 1190 1207 1207 1173 1194
757 751 747 604 635 641 655 556 688 635 555 547 573 521 651 330 559 677 664 600 634 524 712 770 675 733 695 816 813 767 803 640 779 633 166 626 134 627 795 99 516 46 362 617 30 0 351 20 37 711 1055 843 55 1046 1004 76 1004 1006 862 94 960 1015 114 151 733 936 154 213 950 932 187 193 939 227 227 934 265 950 951 271 957 963 312 984 968 998 344 993 991 1012 390 863 899 927 948 983 1003 1018 1022 1048 1065 1093 1101 1102 1128 1129 1124 1134 1131 1078 1127 1135 1154 1151 1159 1177 1177 1143 1163
773 768 764 551 545 534 547 478 580 527 459 440 465 454 543 516 451 569 556 492 526 416 605 662 567 625 587 708 705 659 695 532 671 525 498 518 478 519 549 443 408 390 28 439 377 351 0 355 339 465 809 597 339 801 758 330 759 760 616 323 715 769 314 294 487 690 312 240 704 686 296 298 693 287 297 689 318 705 705 326 711 718 354 738 722 753 372 748 745 767 406 617 653 681 702 738 757 772 776 803 820 847 855 857 882 883 878 888 885 838 904 912 932 929 937 954 954 940 980
773 767 764 620 648 644 659 570 691 638 569 550 576 530 654 350 563 681 667 603 637 527 716 773 678 736 698 819 817 771 807 644 782 636 185 629 147 630 784 111 519 60 365 621 42 20 355 0 23 699 1043 832 38 1035 992 58 993 994 851 76 949 1003 96 136 721 924 136 201 938 920 169 175 927 209 209 923 247 939 939 253 945 952 294 972 956 987 326 982 979 1001 372 851 887 915 936 972 991 1006 1010 1037 1054 1081 1090 1091 1117 1117 1112 1122 1119 1067 1115 1123 1142 1140 1148 1165 1165 1132 1152
775 769 765 621 640 629 644 564 676 623 554 535 561 525 639 366 547 666 652 588 622 512 701 758 663 721 683 804 802 755 792 628 767 621 202 614 168 615 761 134 504 81 350 605 65 37 339 23 0 677 1021 809 19 1012 970 39 970 972 828 57 926 980 77 115 699 902 117 179 915 898 150 157 904 190 191 900 228 916 917 234 923 929 275 950 934 964 307 959 957 978 354 829 864 893 914 949 969 983 988 1014 1031 1058 1067 1068 1094 1094 1090 1099 1097 1044 1092 1100 1120 1117 1125 1142 1142 1109 1129
1098 1092 1088 731 696 677 638 661 633 623 642 617 602 687 580 881 575 580 566 532 518 489 526 579 504 542 502 623 621 575 611 438 586 410 865 378 845 365 144 810 321 757 476 275 741 711 465 699 677 0 436 231 663 432 395 642 402 403 254 625 368 412 604 564 183 363 576 498 377 361 551 550 367 524 534 363 528 379 380 533 386 392 537 413 397 427 527 422 420 441 528 416 452 480 501 537 556 571 575 602 619 646 655 656 682 682 677 687 685 687 755 763 782 780 788 805 805 790 830
1446 1440 1436 1079 1043 1025 986 1008 981 971 990 965 950 1034 928 1227 922 928 913 879 866 837 873 926 851 890 850 971 968 922 958 786 934 758 1209 726 1189 712 359 1154 668 1101 820 622 1085 1055 809 1043 1021 436 0 216 1007 18 51 986 58 59 226 969 96 78 948 908 326 151 920 842 168 176 895 894 192 868 878 225 872 253 253 877 263 282 881 311 350 332 871 341 365 356 872 600 636 664 685 720 740 755 759 785 802 830 838 840 865 866 861 871 868 870 939 947 966 963 971 989 989 974 1014
1234 1228 1224 867 831 813 774 797 769 759 778 753 738 822 716 1016 710 716 702 667 654 625 661 715 639 678 638 759 757 710 747 574 722 546 997 514 977 500 163 942 456 889 608 410 873 843 597 832 809 231 216 0 795 213 175 774 183 184 43 757 149 193 736 696 125 152 708 630 165 150 683 682 158 656 666 177 661 203 204 665 210 216 669 237 253 252 659 249 269 267 660 399 435 463 484 520 539 554 558 584 602 629 637 639 664 665 660 670 667 670 738 746 765 762 770 788 788 773 813
788 782 778 634 648 636 651 576 683 630 562 542 568 537 646 385 555 673 659 595 629 519 708 765 670 728 690 811 809 763 799 636 774 628 221 621 184 622 747 148 511 96 350 612 79 55 339 38 19 663 1007 795 0 999 956 21 957 958 814 39 913 967 60 99 685 888 99 165 902 884 133 139 891 173 173 887 210 902 903 216 909 916 258 936 920 950 290 946 943 965 336 815 851 879 900 936 955 970 974 1000 1018 1045 1053 1055 1080 1081 1076 1086 1083 1030 1079 1087 1106 1103 1111 1129 1129 1095 1115
1437 1431 1427 1070 1035 1016 977 1000 972 962 981 956 941 1026 920 1219 914 919 905 871 858 828 865 918 843 881 841 962 960 914 950 777 925 750 1200 718 1181 704 359 1146 660 1093 812 614 1077 1046 801 1035 1012 432 18 213 999 0 43 978 50 51 217 960 88 69 940 899 318 142 911 833 160 168 886 885 184 860 870 216 864 244 245 869 254 273 872 303 341 324 862 332 357 347 863 591 627 655 676 712 731 746 750 777 794 821 830 831 857 857 852 862 859 862 930 938 957 955 963 980 980 965 1005
1394 1389 1385 1028 992 974 935 957 930 920 939 914 899 983 877 1176 871 877 862 828 815 786 822 875 800 839 799 920 917 871 907 735 883 707 1158 675 1138 661 322 1103 617 1050 769 571 1034 1004 758 992 970 395 51 175 956 43 0 935 11 13 175 918 45 29 897 857 275 100 869 791 117 125 844 843 141 817 827 174 821 202 202 826 212 231 830 260 299 281 820 290 314 305 821 549 585 613 634 669 689 704 708 734 751 779 787 788 814 815 810 820 817 819 888 896 915 912 920 938 938 923 963
795 790 786 642 655 644 659 584 691 638 569 550 576 545 654 402 562 681 667 603 637 527 716 773 678 736 698 819 817 771 807 643 782 636 241 629 204 630 726 169 519 116 340 616 100 76 330 58 39 642 986 774 21 978 935 0 936 937 793 18 892 946 38 79 664 867 78 144 881 863 111 118 870 151 151 866 189 882 882 195 888 895 236 915 899 930 268 925 922 944 315 794 830 858 879 915 934 949 953 980 997 1024 1032 1034 1059 1060 1055 1065 1062 1010 1058 1066 1085 1083 1091 1108 1108 1074 1095
1395 1389 1385 1028 993 974 935 958 930 920 939 914 899 984 878 1177 872 877 863 829 816 786 823 876 801 839 799 920 918 872 908 735 883 707 1158 676 1139 662 329 1104 618 1051 770 572 1035 1004 759 993 970 402 58 183 957 50 11 936 0 1 175 918 46 20 898 857 276 100 869 791 117 126 844 843 142 818 827 174 822 202 203 827 212 231 830 261 299 282 820 290 315 305 821 549 585 613 634 670 689 704 708 735 752 779 788 789 815 815 810 820 817 820 888 896 915 913 921 938 938 923 963
1396 1391 1387 1029 994 976 937 959 932 922 941 916 901 985 879 1178 873 879 864 830 817 788 824 877 802 840 800 922 919 873 909 737 885 709 1160 677 1140 663 330 1105 619 1052 771 573 1036 1006 760 994 972 403 59 184 958 51 13 937 1 0 177 920 47 19 899 859 277 102 871 793 119 127 846 845 143 819 829 176 823 204 204 828 214 232 832 262 301 283 822 292 316 306 823 551 587 615 636 671 691 706 710 736 753 780 789 790 816 816 812 821 819 821 889 897 917 914 922 939 940 925 965
1253 1247 1243 886 851 832 793 816 788 778 797 772 757 842 735 1035 729 735 721 686 673 644 680 734 659 697 657 778 776 729 766 593 741 565 1016 533 996 519 191 962 476 908 627 429 893 862 616 851 828 254 226 43 814 217 175 793 175 177 0 776 131 185 755 715 142 111 727 649 124 109 702 701 120 675 685 139 680 165 166 685 172 178 688 198 215 214 678 211 230 229 679 416 452 480 501 536 556 571 575 601 618 646 654 655 681 681 677 686 684 686 754 762 782 779 787 804 805 790 830
803 798 794 650 663 652 667 592 699 646 577 558 584 553 662 420 570 689 675 611 645 535 724 781 686 744 706 827 825 779 815 651 790 644 259 637 222 638 709 187 527 134 334 599 118 94 323 76 57 625 969 757 39 960 918 18 918 920 776 0 874 929 21 61 647 850 60 127 864 846 93 100 853 133 133 848 171 864 865 177 871 877 218 898 882 912 250 907 905 926 297 777 813 841 862 897 917 932 936 962 979 1007 1015 1016 1042 1043 1038 1048 1045 992 1041 1049 1068 1065 1073 1091 1091 1057 1077
1351 1345 1341 984 949 930 891 914 886 876 895 870 855 940 834 1133 828 833 819 785 772 742 779 832 757 795 755 876 874 828 864 691 839 664 1114 632 1095 618 296 1060 574 1007 726 528 991 960 715 949 926 368 96 149 913 88 45 892 46 47 131 874 0 56 854 813 232 56 825 747 74 82 800 799 98 774 784 130 778 158 159 783 168 187 786 217 255 238 776 246 271 261 777 505 541 569 590 626 645 660 664 691 708 735 744 745 771 771 766 776 773 776 844 852 871 869 877 894 894 879 919
1405 1399 1396 1038 1003 984 945 968 941 930 949 924 909 994 888 1187 882 887 873 839 826 796 833 886 811 849 809 930 928 882 918 745 894 718 1168 686 1149 672 339 1114 628 1061 780 582 1045 1015 769 1003 980 412 78 193 967 69 29 946 20 19 185 929 56 0 908 867 286 111 879 802 128 136 854 853 152 828 838 184 832 212 213 837 222 241 841 271 309 292 830 300 325 315 831 559 595 623 644 680 699 714 718 745 762 789 798 799 825 825 820 830 828 830 898 906 925 923 931 948 948 933 973
811 805 802 658 671 660 674 600 707 654 585 566 592 561 670 440 578 696 683 619 653 543 732 789 694 752 714 835 832 786 822 659 798 652 279 645 242 646 688 207 535 154 325 578 138 114 314 96 77 604 948 736 60 940 897 38 898 899 755 21 854 908 0 40 626 829 40 106 843 825 73 79 832 113 113 828 151 843 844 157 850 857 198 877 861 891 230 887 884 906 276 756 792 820 841 877 896 911 915 941 959 986 994 996 1021 1022 1017 1027 1024 972 1020 1028 1047 1044 1052 1070 1070 1036 1056
825 819 815 671 685 673 688 613 720 667 599 579 605 574 683 478 592 710 696 632 666 556 745 802 707 765 727 848 846 800 836 673 811 665 317 642 281 628 648 247 548 194 305 538 178 151 294 136 115 564 908 696 99 899 857 79 857 859 715 61 813 867 40 0 586 789 18 66 802 785 36 42 791 76 76 787 113 803 804 119 810 816 161 837 821 851 193 846 844 865 239 716 751 780 801 836 856 870 875 901 918 945 954 955 981 981 977 986 984 931 979 987 1007 1004 1012 1029 1029 996 1016
1133 1127 1123 766 731 712 673 696 668 658 677 652 637 721 615 906 609 615 601 566 553 524 560 614 538 577 537 658 656 609 646 473 621 445 887 413 867 399 194 832 355 779 498 309 763 733 487 721 699 183 326 125 685 318 275 664 276 277 142 647 232 286 626 586 0 207 598 520 221 203 573 572 210 546 556 206 550 221 222 555 228 234 559 255 239 269 549 265 262 284 550 274 310 338 359 394 414 429 433 459 476 504 512 513 539 539 535 544 542 544 612 620 640 637 645 662 663 648 688
1327 1321 1317 960 924 906 867 890 862 852 871 846 831 915 809 1109 803 809 795 760 747 718 754 807 732 771 731 852 850 803 839 667 815 639 1090 607 1070 593 299 1035 549 982 701 503 966 936 690 924 902 363 151 152 888 142 100 867 100 102 111 850 56 111 829 789 207 0 801 723 18 28 776 775 44 749 759 76 753 104 105 758 114 133 762 163 202 184 752 192 217 207 753 481 517 545 566 602 621 636 640 666 684 711 719 721 746 747 742 752 749 751 820 828 847 844 852 870 870 855 895
837 831 827 684 697 686 700 626 733 680 611 592 617 586 695 480 604 722 708 645 678 569 757 815 720 778 739 861 858 812 848 685 824 678 319 654 282 640 660 247 561 194 323 550 178 154 312 136 117 576 920 708 99 911 869 78 869 871 727 60 825 879 40 18 598 801 0 78 814 797 39 46 804 79 80 799 117 815 816 123 822 828 165 849 833 863 197 858 856 877 243 728 764 792 813 848 868 883 887 913 930 958 966 967 993 993 989 999 996 943 992 1000 1019 1016 1024 1041 1042 1008 1028
827 821 817 660 673 662 676 602 709 656 587 568 593 562 671 517 580 698 684 621 654 545 723 776 696 739 699 820 818 772 808 635 784 608 367 576 347 562 582 312 518 259 251 472 243 213 240 201 179 498 842 630 165 833 791 144 791 793 649 127 747 802 106 66 520 723 78 0 737 719 56 58 726 53 63 721 84 737 738 91 744 750 122 771 755 785 154 780 778 800 200 650 686 714 735 770 790 805 809 835 853 880 888 890 915 916 911 921 918 865 914 922 941 938 946 964 964 930 950
1340 1334 1331 973 938 919 880 903 876 865 884 859 844 929 823 1122 817 822 808 774 761 731 768 821 746 784 744 865 863 817 853 680 829 653 1103 621 1084 607 313 1049 563 996 715 517 980 950 704 938 915 377 168 165 902 160 117 881 117 119 124 864 74 128 843 802 221 18 814 737 0 30 789 788 46 763 773 78 767 106 107 772 116 135 776 165 206 186 765 194 219 209 766 494 530 558 579 615 634 649 653 680 697 724 733 734 760 760 755 765 763 765 833 841 860 858 866 883 883 868 908
1322 1317 1313 956 920 902 863 885 858 848 867 842 827 911 805 1104 799 805 790 756 743 714 750 803 728 767 726 848 845 799 835 663 811 635 1086 603 1066 589 297 1031 545 978 697 499 962 932 686 920 898 361 176 150 884 168 125 863 126 127 109 846 82 136 825 785 203 28 797 719 30 0 772 771 16 745 755 48 749 76 77 754 86 105 758 135 179 156 748 164 189 179 749 477 513 541 562 597 617 632 636 662 679 707 715 716 742 742 738 747 745 747 815 823 843 840 848 865 866 851 891
850 844 841 697 710 699 713 639 746 693 624 605 631 600 709 513 617 735 722 658 692 582 771 828 733 791 752 873 871 825 861 688 836 660 352 628 315 615 635 280 571 227 307 525 211 187 296 169 150 551 895 683 133 886 844 111 844 846 702 93 800 854 73 36 573 776 39 56 789 772 0 6 778 41 40 774 78 790 791 84 797 803 125 824 808 838 157 833 831 852 203 692 728 756 777 812 832 847 851 877 894 922 930 931 957 958 953 963 960 907 956 964 983 980 988 1006 1006 972 992
856 850 846 703 716 705 719 645 751 698 630 611 636 605 714 520 623 741 727 664 697 588 775 828 738 791 751 872 870 824 860 687 835 659 359 627 322 614 634 286 570 234 308 524 217 193 298 175 157 550 894 682 139 885 843 118 843 845 701 100 799 853 79 42 572 775 46 58 788 771 6 0 777 37 34 773 71 789 790 77 796 802 119 823 807 837 151 832 830 851 197 688 724 752 773 809 828 843 847 874 891 918 927 928 954 954 949 959 956 904 952 960 979 977 985 1002 1002 969 989
1329 1323 1320 962 927 909 869 892 865 854 873 848 833 918 812 1111 806 811 797 763 750 721 757 810 735 773 733 854 852 806 842 669 818 642 1093 610 1073 596 304 1038 552 985 704 506 969 939 693 927 904 367 192 158 891 184 141 870 142 143 120 853 98 152 832 791 210 44 804 726 46 16 778 777 0 752 762 36 756 64 65 761 74 93 765 122 174 143 754 152 176 167 755 484 519 548 569 604 623 638 642 669 686 713 722 723 749 749 745 754 752 754 822 830 850 847 855 872 872 857 898
879 874 870 713 726 715 729 655 762 709 640 621 647 616 725 553 633 751 738 674 708 598 749 802 727 766 725 847 844 798 834 662 810 634 392 602 355 588 608 320 544 267 298 498 251 227 287 209 190 524 868 656 173 860 817 151 818 819 675 133 774 828 113 76 546 749 79 53 763 745 41 37 752 0 11 748 38 764 764 44 770 777 85 797 781 812 117 807 804 826 163 651 687 715 736 772 791 806 810 837 854 881 889 891 917 917 912 922 919 867 915 923 942 940 948 965 965 931 952
880 874 870 722 736 725 739 664 771 718 650 631 656 625 734 554 643 761 747 684 717 607 759 812 737 775 735 857 854 808 844 671 820 644 393 612 355 598 618 320 554 268 308 508 251 227 297 209 191 534 878 666 173 870 827 151 827 829 685 133 784 838 113 76 556 759 80 63 773 755 40 34 762 11 0 757 37 773 774 44 780 786 85 807 791 821 117 817 814 836 163 659 694 723 744 779 798 813 817 844 861 888 897 898 924 924 920 929 927 874 922 930 950 947 955 972 972 939 959
1325 1319 1315 958 923 904 865 888 860 850 869 844 829 914 808 1107 802 807 793 759 746 716 753 806 731 769 729 850 848 802 838 665 813 637 1088 606 1069 592 322 1034 548 981 700 502 965 934 689 923 900 363 225 177 887 216 174 866 174 176 139 848 130 184 828 787 206 76 799 721 78 48 774 773 36 748 757 0 752 31 31 757 41 59 760 89 148 110 750 118 143 133 751 479 515 543 564 600 619 634 638 665 682 709 718 719 745 745 740 750 747 750 818 826 845 843 851 868 868 853 893
910 904 900 743 756 745 760 685 792 739 670 651 677 646 755 591 663 782 768 704 738 628 753 807 732 770 730 851 849 802 839 666 814 638 430 606 393 592 613 357 549 305 329 502 289 265 318 247 228 528 872 661 210 864 821 189 822 823 680 171 778 832 151 113 550 753 117 84 767 749 78 71 756 38 37 752 0 768 768 8 774 781 47 801 785 816 79 811 808 830 126 630 666 694 715 750 770 785 789 815 832 860 868 869 895 896 891 901 898 845 894 902 921 918 926 944 944 910 930
1341 1335 1331 974 939 920 881 904 876 866 885 860 845 930 823 1123 818 823 809 775 761 732 769 822 747 785 745 866 864 818 854 681 829 653 1104 621 1084 607 349 1050 564 997 715 518 981 950 705 939 916 379 253 203 902 244 202 882 202 204 165 864 158 212 843 803 221 104 815 737 106 76 790 789 64 764 773 31 768 0 1 773 18 41 776 70 138 91 766 100 126 115 767 495 531 559 580 616 635 650 654 681 698 725 733 735 760 761 756 766 763 766 834 842 861 859 867 884 884 869 909
1341 1336 1332 975 939 921 882 904 877 867 886 861 846 930 824 1123 818 824 809 775 762 733 769 822 747 786 745 867 864 818 854 682 830 654 1105 622 1085 608 349 1050 564 997 716 518 981 951 705 939 917 380 253 204 903 245 202 882 203 204 166 865 159 213 844 804 222 105 816 738 107 77 791 790 65 764 774 31 768 1 0 773 16 39 777 69 137 90 767 98 124 113 768 496 532 560 581 616 636 651 655 681 698 726 734 735 761 761 757 767 764 766 835 843 862 859 867 884 885 870 910
918 912 908 751 764 753 768 693 800 747 678 659 685 654 763 597 671 790 776 712 746 636 758 812 736 775 735 856 854 807 844 671 819 643 436 611 399 597 617 364 553 311 336 507 295 271 326 253 234 533 877 665 216 869 826 195 827 828 685 177 783 837 157 119 555 758 123 91 772 754 84 77 761 44 44 757 8 773 773 0 779 786 41 806 790 821 73 816 813 835 119 627 663 691 712 748 767 782 786 813 830 857 865 867 893 893 888 898 895 843 891 899 918 916 924 941 941 907 928
1348 1342 1338 981 945 927 888 911 883 873 892 867 852 936 830 1130 824 830 815 781 768 739 775 828 753 792 752 873 871 824 860 688 836 660 1111 628 1091 614 355 1056 570 1003 722 524 987 957 711 945 923 386 263 210 909 254 212 888 212 214 172 871 168 222 850 810 228 114 822 744 116 86 797 796 74 770 780 41 774 18 16 779 0 30 783 60 128 81 773 89 115 104 774 502 538 566 587 623 642 657 661 687 705 732 740 742 767 768 763 773 770 772 841 849 868 865 873 891 891 876 916
1354 1348 1344 987 952 933 894 917 889 879 898 873 858 943 836 1136 831 836 822 788 774 745 782 835 760 798 758 879 877 831 867 694 842 666 1117 634 1098 621 362 1063 577 1010 728 531 994 963 718 952 929 392 282 216 916 273 231 895 231 232 178 877 187 241 857 816 234 133 828 750 135 105 803 802 93 777 786 59 781 41 39 786 30 0 789 34 106 55 779 64 93 79 780 508 544 572 593 629 648 663 667 694 711 738 747 748 774 774 769 779 776 779 847 855 874 872 880 897 897 882 922
